********house********
5 6 1
1 2
1 4
1 5
2 3
3 4
4 5
1 4

********threetriangle********
5 7 1
1 2
1 3
1 4
1 5
2 3
3 4
4 5
3 4

********solarsquare********
5 8 4
5 1
5 2
5 3
5 4
1 2
1 4
2 3
3 4
1 2
1 3
1 4
2 4

********near5clique********
5 8 2
1 2
1 3
1 4
1 5
2 3
2 4
3 4
4 5
1 4
2 3

********quadtriangle********
6 9 1
1 2
1 3
1 4
1 5
1 6
2 3
3 4
4 5
5 6
3 5

********trianglecore********
6 9 3
1 2
1 3
1 5
1 6
2 3
3 4
3 5
4 5
5 6
1 3
1 5
3 5

********twincsquare********
6 9 1
1 2
1 4
1 5
1 6
2 3
2 4
3 4
4 5
5 6
1 4

********twinclique4********
6 11 5
1 2
1 3
1 6
2 3
2 6
3 4
3 5
3 6
4 5
4 6
5 6
1 2
1 4
1 5
3 6
4 5

********starofdavidplus********
6 13 5
1 2
1 3
1 4
1 5
1 6
2 3
2 4
2 6
3 4
3 5
4 5
4 6
5 6
1 4
2 3
2 5
2 6
3 6

********triangle********
3 3 3
1 2
1 3
2 3
1 2
1 3
2 3

********clique4********
4 6 6
1 2
1 3
1 4
2 3
2 4
3 4
1 2
1 3
1 4
2 3
2 4
3 4

********clique5********
5 10 10
1 2
1 3
1 4
1 5
2 3
2 4
2 5
3 4
3 5
4 5
1 2
1 3
1 4
1 5
2 3
2 4
2 5
3 4
3 5
4 5

********clique6********
6 15 15
1 2
1 3
1 4
1 5
1 6
2 3
2 4
2 5
2 6
3 4
3 5
3 6
4 5
4 6
5 6
1 2
1 3
1 4
1 5
1 6
2 3
2 4
2 5
2 6
3 4
3 5
3 6
4 5
4 6
5 6

********clique7********
7 21 21
1 2
1 3
1 4
1 5
1 6
1 7
2 3
2 4
2 5
2 6
2 7
3 4
3 5
3 6
3 7
4 5
4 6
4 7
5 6
5 7
6 7
1 2
1 3
1 4
1 5
1 6
1 7
2 3
2 4
2 5
2 6
2 7
3 4
3 5
3 6
3 7
4 5
4 6
4 7
5 6
5 7
6 7

********clique8********
8 28 28
1 2
1 3
1 4
1 5
1 6
1 7
1 8
2 3
2 4
2 5
2 6
2 7
2 8
3 4
3 5
3 6
3 7
3 8
4 5
4 6
4 7
4 8
5 6
5 7
5 8
6 7
6 8
7 8
1 2
1 3
1 4
1 5
1 6
1 7
1 8
2 3
2 4
2 5
2 6
2 7
2 8
3 4
3 5
3 6
3 7
3 8
4 5
4 6
4 7
4 8
5 6
5 7
5 8
6 7
6 8
7 8

********clique9********
9 36 36
1 2
1 3
1 4
1 5
1 6
1 7
1 8
1 9
2 3
2 4
2 5
2 6
2 7
2 8
2 9
3 4
3 5
3 6
3 7
3 8
3 9
4 5
4 6
4 7
4 8
4 9
5 6
5 7
5 8
5 9
6 7
6 8
6 9
7 8
7 9
8 9
1 2
1 3
1 4
1 5
1 6
1 7
1 8
1 9
2 3
2 4
2 5
2 6
2 7
2 8
2 9
3 4
3 5
3 6
3 7
3 8
3 9
4 5
4 6
4 7
4 8
4 9
5 6
5 7
5 8
5 9
6 7
6 8
6 9
7 8
7 9
8 9

********clique10********
10 45 45
1 2
1 3
1 4
1 5
1 6
1 7
1 8
1 9
1 10
2 3
2 4
2 5
2 6
2 7
2 8
2 9
2 10
3 4
3 5
3 6
3 7
3 8
3 9
3 10
4 5
4 6
4 7
4 8
4 9
4 10
5 6
5 7
5 8
5 9
5 10
6 7
6 8
6 9
6 10
7 8
7 9
7 10
8 9
8 10
9 10
1 2
1 3
1 4
1 5
1 6
1 7
1 8
1 9
1 10
2 3
2 4
2 5
2 6
2 7
2 8
2 9
2 10
3 4
3 5
3 6
3 7
3 8
3 9
3 10
4 5
4 6
4 7
4 8
4 9
4 10
5 6
5 7
5 8
5 9
5 10
6 7
6 8
6 9
6 10
7 8
7 9
7 10
8 9
8 10
9 10
