1 786
2 730
3 660
4 540
5 506
6 428
7 386
8 336
9 307
10 294
11 237
12 228
13 212
14 200
15 188
16 154
17 166
18 137
19 129
20 131
21 110
22 117
23 96
24 103
25 85
26 75
27 91
28 70
29 83
30 58
31 63
32 54
33 63
34 67
35 54
36 55
37 43
38 46
39 39
40 59
41 40
42 49
43 31
44 39
45 31
46 34
47 29
48 34
49 33
50 31
51 36
52 30
53 23
54 26
55 26
56 27
57 24
58 21
59 24
60 24
61 30
62 24
63 18
64 21
65 16
66 19
67 20
68 15
69 21
70 16
71 20
72 19
73 13
74 18
75 12
76 13
77 9
78 14
79 9
80 15
81 13
82 7
83 14
84 3
85 14
86 12
87 17
88 8
89 6
90 4
91 12
92 13
93 7
94 9
95 11
96 9
97 8
98 9
99 6
100 11
101 11
102 5
103 10
104 7
105 8
106 4
107 7
108 10
109 5
110 8
111 5
112 7
113 8
114 6
115 4
116 6
117 5
118 6
119 8
120 4
121 6
122 5
123 2
124 8
125 3
126 4
127 2
128 7
129 1
130 4
131 5
132 5
133 9
134 5
135 2
136 3
137 6
138 6
139 3
140 3
141 3
142 8
143 1
144 8
145 6
146 7
147 7
148 7
149 4
150 2
151 2
152 1
153 3
154 2
155 1
156 7
157 2
158 5
159 3
161 3
162 1
163 1
164 3
165 5
166 5
167 2
168 4
169 3
170 1
171 3
172 2
173 5
174 5
175 1
176 1
177 5
179 5
180 4
181 5
182 6
183 4
184 3
185 7
186 4
187 2
188 3
189 1
191 2
192 2
193 4
195 3
196 2
198 3
199 2
200 3
201 2
203 1
205 3
206 4
207 2
209 1
211 2
212 1
213 2
214 3
215 1
216 1
217 3
218 2
219 2
223 1
224 1
226 3
227 2
228 1
229 2
230 1
231 1
233 2
234 3
236 1
237 1
239 1
240 1
241 1
242 2
243 2
244 1
245 2
246 2
247 3
248 2
249 4
250 2
251 3
252 1
253 2
255 2
257 2
258 1
259 1
260 1
261 1
262 1
263 2
264 1
265 1
266 5
267 1
269 1
270 1
271 1
272 1
275 1
277 2
278 1
279 1
280 1
281 3
282 1
283 2
285 1
286 1
287 2
288 3
289 1
290 2
291 2
296 3
297 1
301 1
305 3
306 3
307 2
309 2
311 2
312 3
313 2
317 2
320 2
323 1
324 2
325 1
326 1
327 1
328 1
329 1
330 2
331 1
334 1
335 2
336 1
341 1
343 1
344 1
345 1
347 2
348 1
351 1
356 1
357 1
359 1
364 1
366 2
367 1
368 1
375 1
376 1
377 1
382 1
383 1
386 2
387 2
388 1
389 1
392 2
393 1
394 1
395 1
397 1
401 3
402 1
403 1
405 1
406 1
410 1
411 1
415 1
417 1
422 1
426 2
428 1
431 2
434 1
438 1
440 2
451 1
452 1
456 1
458 1
459 1
460 1
462 1
463 1
465 1
466 1
467 2
475 1
482 1
487 1
492 1
498 2
510 1
519 1
524 1
525 1
526 1
532 1
534 1
535 3
541 1
543 1
