1 4070
2 1809
3 1116
4 772
5 470
6 306
7 227
8 180
9 141
10 98
11 77
12 82
13 66
14 47
15 43
16 37
17 36
18 31
19 27
20 26
21 22
22 21
23 20
24 13
25 13
26 12
27 9
28 12
29 15
30 5
31 8
32 6
33 7
34 5
35 6
36 6
37 6
38 4
39 5
40 5
41 2
42 2
43 3
44 6
45 3
46 2
47 2
48 4
49 4
50 4
51 3
52 2
53 5
54 5
55 2
56 2
57 4
58 3
59 1
60 1
61 3
62 1
63 3
64 1
65 1
66 2
67 1
69 3
70 1
71 1
72 3
73 1
75 3
76 1
77 3
78 2
80 2
81 1
82 1
83 1
84 1
85 1
88 1
90 1
91 2
92 1
95 1
102 1
104 1
105 1
107 1
108 1
111 1
113 2
115 2
117 1
120 1
128 1
133 1
138 1
140 1
141 1
142 1
165 1
168 1
173 1
185 1
200 1
207 1
223 1
256 1
274 1
284 1
310 1
340 1
348 1
364 1
369 1
426 1
677 1
759 1
